0: 

48527, 6: 
|0|0|0|0|0|0|0|0|
-----------------
|0|0|0|0|0|0|0|0|
-----------------
|0|0|0|0|0|0|0|0|
-----------------
|0|0|0|0|0|0|0|0|
-----------------
|0|0|0|0|0|0|0|0|
-----------------
|0|0|0|0|1|0|0|0|
-----------------
|0|0|0|0|0|0|0|0|
-----------------
|0|0|2|0|3|0|0|0|
-----------------

6226, 5: 
|0|0|2|0|0|0|0|0|
-----------------
|0|0|0|0|0|0|0|0|
-----------------
|0|0|0|0|0|0|0|0|
-----------------
|0|0|0|0|0|0|0|0|
-----------------
|0|0|0|0|0|0|0|0|
-----------------
|0|0|0|0|1|0|0|0|
-----------------
|0|0|0|0|0|0|0|0|
-----------------
|0|0|0|0|3|0|0|0|
-----------------

812, 4: 
|0|0|2|0|0|0|0|0|
-----------------
|0|0|0|0|0|0|0|0|
-----------------
|0|0|0|0|0|0|0|0|
-----------------
|0|0|0|0|0|0|0|0|
-----------------
|0|0|0|0|0|0|0|0|
-----------------
|0|0|0|0|1|0|0|0|
-----------------
|0|0|0|0|0|0|0|0|
-----------------
|0|0|0|0|0|3|0|0|
-----------------

96, 3: 
|0|0|2|0|0|0|0|0|
-----------------
|0|0|0|0|0|0|0|0|
-----------------
|0|0|0|0|0|0|0|0|
-----------------
|0|0|0|0|0|0|0|0|
-----------------
|0|0|0|0|0|0|0|0|
-----------------
|0|0|0|1|0|0|0|0|
-----------------
|0|0|0|0|0|0|0|0|
-----------------
|0|0|0|0|0|3|0|0|
-----------------

11, 2: 
|0|0|2|0|0|0|0|0|
-----------------
|0|0|0|0|0|0|0|0|
-----------------
|0|0|0|0|0|0|0|0|
-----------------
|0|0|0|0|0|0|0|0|
-----------------
|0|0|0|0|0|0|0|0|
-----------------
|0|0|0|1|0|0|0|0|
-----------------
|0|0|0|0|0|0|3|0|
-----------------
|0|0|0|0|0|0|0|0|
-----------------

1, 1: 
|0|0|2|0|0|0|0|0|
-----------------
|0|0|0|0|0|0|0|0|
-----------------
|0|0|0|0|0|0|0|0|
-----------------
|0|0|0|0|0|0|0|0|
-----------------
|0|0|1|0|0|0|0|0|
-----------------
|0|0|0|0|0|0|0|0|
-----------------
|0|0|0|0|0|0|3|0|
-----------------
|0|0|0|0|0|0|0|0|
-----------------

0, 0: 
|0|0|2|0|0|0|0|0|
-----------------
|0|0|0|0|0|0|0|0|
-----------------
|0|0|0|0|0|0|0|0|
-----------------
|0|0|0|0|0|0|0|0|
-----------------
|0|0|1|0|0|0|0|0|
-----------------
|0|0|0|0|0|0|0|3|
-----------------
|0|0|0|0|0|0|0|0|
-----------------
|0|0|0|0|0|0|0|0|
-----------------
1: 

2122706, 9: 
|0|0|0|0|0|0|0|0|
-----------------
|0|0|0|0|0|0|0|0|
-----------------
|0|0|0|0|0|0|0|0|
-----------------
|0|0|0|0|0|0|0|0|
-----------------
|3|0|1|0|0|0|0|0|
-----------------
|0|0|0|0|0|0|0|0|
-----------------
|2|0|0|0|0|0|0|0|
-----------------
|0|0|0|0|0|0|0|0|
-----------------

305566, 8: 
|0|0|0|0|0|0|0|0|
-----------------
|0|0|0|0|0|0|0|0|
-----------------
|0|0|0|0|0|0|0|0|
-----------------
|0|0|0|0|0|0|0|0|
-----------------
|3|0|1|0|0|0|0|0|
-----------------
|0|0|0|0|0|0|0|0|
-----------------
|0|0|0|0|0|0|0|2|
-----------------
|0|0|0|0|0|0|0|0|
-----------------

44957, 7: 
|0|0|0|0|0|0|0|0|
-----------------
|0|0|0|0|0|0|0|0|
-----------------
|0|0|0|0|0|0|0|0|
-----------------
|3|0|0|0|0|0|0|0|
-----------------
|0|0|1|0|0|0|0|0|
-----------------
|0|0|0|0|0|0|0|0|
-----------------
|0|0|0|0|0|0|0|2|
-----------------
|0|0|0|0|0|0|0|0|
-----------------

6876, 6: 
|0|0|0|0|0|0|0|0|
-----------------
|0|0|0|0|0|0|0|0|
-----------------
|0|0|0|0|0|0|0|0|
-----------------
|3|0|0|0|0|0|0|0|
-----------------
|0|0|0|0|0|0|0|0|
-----------------
|0|1|0|0|0|0|0|0|
-----------------
|0|0|0|0|0|0|0|2|
-----------------
|0|0|0|0|0|0|0|0|
-----------------

1136, 5: 
|0|0|0|0|0|0|0|0|
-----------------
|0|0|0|0|0|0|0|0|
-----------------
|0|0|0|0|0|0|0|0|
-----------------
|0|3|0|0|0|0|0|0|
-----------------
|0|0|0|0|0|0|0|0|
-----------------
|0|1|0|0|0|0|0|0|
-----------------
|0|0|0|0|0|0|0|2|
-----------------
|0|0|0|0|0|0|0|0|
-----------------

183, 4: 
|0|0|0|0|0|0|0|0|
-----------------
|0|0|0|0|0|0|0|0|
-----------------
|0|0|0|0|0|0|0|0|
-----------------
|0|3|0|0|0|0|0|0|
-----------------
|0|0|0|0|0|0|0|0|
-----------------
|0|0|0|0|0|0|0|0|
-----------------
|1|0|0|0|0|0|0|2|
-----------------
|0|0|0|0|0|0|0|0|
-----------------

36, 3: 
|0|0|0|0|0|0|0|0|
-----------------
|0|0|0|0|0|0|0|0|
-----------------
|0|0|0|0|0|0|0|0|
-----------------
|0|0|0|0|0|0|0|0|
-----------------
|0|0|3|0|0|0|0|0|
-----------------
|0|0|0|0|0|0|0|0|
-----------------
|1|0|0|0|0|0|0|2|
-----------------
|0|0|0|0|0|0|0|0|
-----------------

7, 2: 
|0|0|0|0|0|0|0|0|
-----------------
|0|0|0|0|0|0|0|0|
-----------------
|0|0|0|0|0|0|0|0|
-----------------
|0|0|0|0|0|0|0|0|
-----------------
|0|0|3|0|0|0|0|0|
-----------------
|0|0|0|0|0|0|0|0|
-----------------
|1|2|0|0|0|0|0|0|
-----------------
|0|0|0|0|0|0|0|0|
-----------------

1, 1: 
|0|0|0|0|0|0|0|0|
-----------------
|0|0|0|0|0|0|0|0|
-----------------
|0|0|0|0|0|0|0|0|
-----------------
|0|0|0|0|0|0|0|0|
-----------------
|0|0|0|0|0|0|0|0|
-----------------
|0|0|3|0|0|0|0|0|
-----------------
|1|2|0|0|0|0|0|0|
-----------------
|0|0|0|0|0|0|0|0|
-----------------

0, 0: 
|0|0|0|0|0|0|0|0|
-----------------
|0|0|0|0|0|0|0|0|
-----------------
|0|0|0|0|0|0|0|0|
-----------------
|0|0|0|0|0|0|0|0|
-----------------
|0|0|0|0|0|0|0|0|
-----------------
|0|0|3|0|0|0|0|0|
-----------------
|0|2|0|0|0|0|0|0|
-----------------
|1|0|0|0|0|0|0|0|
-----------------
2: 

25104, 6: 
|0|0|0|0|0|0|0|0|
-----------------
|0|0|0|0|0|0|0|0|
-----------------
|0|0|0|0|0|0|0|0|
-----------------
|0|0|0|0|0|0|0|0|
-----------------
|0|0|0|0|0|0|0|0|
-----------------
|1|0|0|0|0|0|0|0|
-----------------
|0|0|0|0|0|0|0|0|
-----------------
|3|0|2|0|0|0|0|0|
-----------------

4001, 5: 
|0|0|0|0|0|0|0|0|
-----------------
|0|0|0|0|0|0|0|0|
-----------------
|0|0|2|0|0|0|0|0|
-----------------
|0|0|0|0|0|0|0|0|
-----------------
|0|0|0|0|0|0|0|0|
-----------------
|1|0|0|0|0|0|0|0|
-----------------
|0|0|0|0|0|0|0|0|
-----------------
|3|0|0|0|0|0|0|0|
-----------------

414, 4: 
|0|0|0|0|0|0|0|0|
-----------------
|0|0|0|0|0|0|0|0|
-----------------
|0|0|2|0|0|0|0|0|
-----------------
|0|0|0|0|0|0|0|0|
-----------------
|0|0|0|0|0|0|0|0|
-----------------
|1|0|0|0|0|0|0|0|
-----------------
|0|0|0|0|0|0|0|0|
-----------------
|0|3|0|0|0|0|0|0|
-----------------

61, 3: 
|0|0|0|0|0|0|0|0|
-----------------
|0|0|0|0|0|0|0|0|
-----------------
|0|0|2|0|0|0|0|0|
-----------------
|0|0|0|0|0|0|0|0|
-----------------
|0|1|0|0|0|0|0|0|
-----------------
|0|0|0|0|0|0|0|0|
-----------------
|0|0|0|0|0|0|0|0|
-----------------
|0|3|0|0|0|0|0|0|
-----------------

7, 2: 
|0|0|0|0|0|0|0|0|
-----------------
|0|0|0|0|0|0|0|0|
-----------------
|0|0|2|0|0|0|0|0|
-----------------
|0|0|0|0|0|0|0|0|
-----------------
|0|1|0|0|0|0|0|0|
-----------------
|0|0|0|0|0|0|0|0|
-----------------
|0|0|3|0|0|0|0|0|
-----------------
|0|0|0|0|0|0|0|0|
-----------------

1, 1: 
|0|0|0|0|0|0|0|0|
-----------------
|0|0|0|0|0|0|0|0|
-----------------
|0|0|2|0|0|0|0|0|
-----------------
|0|0|1|0|0|0|0|0|
-----------------
|0|0|0|0|0|0|0|0|
-----------------
|0|0|0|0|0|0|0|0|
-----------------
|0|0|3|0|0|0|0|0|
-----------------
|0|0|0|0|0|0|0|0|
-----------------

0, 0: 
|0|0|0|0|0|0|0|0|
-----------------
|0|0|0|0|0|0|0|0|
-----------------
|0|0|2|0|0|0|0|0|
-----------------
|0|0|1|0|0|0|0|0|
-----------------
|0|0|0|0|0|0|0|0|
-----------------
|0|0|0|3|0|0|0|0|
-----------------
|0|0|0|0|0|0|0|0|
-----------------
|0|0|0|0|0|0|0|0|
-----------------
